600 0.0 0.0 0.0 0.0 0.0 0.0 0.0 0.0 0.0 0.0 0.0 0.0 0.0 0.0 0.0 0.0 0.0 0.0 0.0 0.0 0.0 0.0
600 0.0 -21.0 -62.0 32.0 -69.0 -59.0 0.0 -8.0 -10.0 0.0 12.0 14.0 0.0 -8.0 12.0 0.0 -9.0 11.0 -110.0 -60.0 69.0 59.0
600 -5.0 -21.0 -62.0 46.0 -69.0 -59.0 0.0 0.0 -10.0 0.0 17.0 5.0 0.0 0.0 18.0 0.0 -9.0 4.0 -110.0 -46.0 69.0 59.0
600 0.0 -21.0 -62.0 60.0 -69.0 -59.0 0.0 8.0 -10.0 0.0 12.0 -11.0 0.0 8.0 12.0 0.0 -3.0 -11.0 -110.0 -32.0 69.0 59.0
600 0.0 -21.0 -75.0 60.0 -69.0 -59.0 0.0 8.0 6.0 -36.0 27.0 -11.0 0.0 8.0 12.0 -15.0 7.0 -11.0 -97.0 -32.0 69.0 59.0
1000 0.0 -21.0 -86.0 60.0 -69.0 -59.0 0.0 8.0 42.0 -69.0 13.0 -11.0 0.0 8.0 12.0 -30.0 23.0 -11.0 -86.0 -32.0 69.0 59.0
1000 0.0 -21.0 -110.0 60.0 -69.0 -59.0 0.0 8.0 12.0 0.0 -9.0 -11.0 0.0 8.0 -10.0 0.0 12.0 -14.0 -62.0 -32.0 69.0 59.0
1000 -5.0 -21.0 -110.0 46.0 -69.0 -59.0 0.0 0.0 18.0 0.0 -9.0 -4.0 0.0 0.0 -10.0 0.0 17.0 -5.0 -62.0 -46.0 69.0 59.0
1000 0.0 -21.0 -110.0 32.0 -69.0 -59.0 0.0 -8.0 12.0 0.0 -3.0 11.0 0.0 -8.0 -10.0 0.0 12.0 11.0 -62.0 -60.0 69.0 59.0
1000 0.0 -21.0 -97.0 32.0 -69.0 -59.0 0.0 -8.0 12.0 -15.0 7.0 11.0 0.0 -8.0 6.0 -36.0 27.0 11.0 -75.0 -60.0 69.0 59.0
1000 0.0 -21.0 -84.0 32.0 -69.0 -59.0 0.0 -8.0 12.0 -30.0 23.0 11.0 0.0 -8.0 42.0 -69.0 13.0 11.0 -84.0 -60.0 69.0 59.0
1000 0.0 0.0 0.0 0.0 0.0 0.0 0.0 0.0 0.0 0.0 0.0 0.0 0.0 0.0 0.0 0.0 0.0 0.0 0.0 0.0 0.0 0.0
1000 0.0 0.0 0.0 0.0 0.0 0.0 0.0 0.0 0.0 0.0 0.0 0.0 0.0 0.0 0.0 0.0 0.0 0.0 0.0 0.0 0.0 0.0
1000 0.0 0.0 -75.0 10.0 -84.0 -50.0 0.0 15.0 33.0 -73.0 43.0 -10.0 0.0 15.0 33.0 -63.0 33.0 -15.0 -75.0 -10.0 84.0 50.0
500 0.0 45.0 -64.0 10.0 -84.0 -25.0 0.0 0.0 -25.0 -96.0 75.0 0.0 0.0 15.0 33.0 0.0 0.0 -15.0 -66.0 -15.0 84.0 25.0
500 0.0 45.0 -102.0 10.0 -84.0 -50.0 0.0 0.0 -25.0 -100.0 33.0 0.0 0.0 15.0 54.0 0.0 0.0 -15.0 -102.0 -10.0 84.0 50.0
120 0.0 45.0 -102.0 10.0 -84.0 -50.0 0.0 15.0 -5.0 -100.0 33.0 -10.0 0.0 15.0 34.0 0.0 0.0 -15.0 -102.0 -10.0 84.0 50.0
85 0.0 0.0 -102.0 10.0 -84.0 -50.0 0.0 15.0 15.0 -100.0 53.0 0.0 0.0 15.0 14.0 0.0 0.0 -15.0 -102.0 -10.0 84.0 50.0
55 0.0 0.0 -102.0 10.0 -84.0 -50.0 0.0 15.0 35.0 -80.0 43.0 0.0 0.0 15.0 14.0 -20.0 20.0 -15.0 -102.0 -10.0 84.0 50.0
20 0.0 0.0 -102.0 10.0 -84.0 -50.0 0.0 15.0 35.0 -60.0 13.0 0.0 0.0 15.0 -6.0 -20.0 20.0 -15.0 -102.0 -10.0 84.0 50.0
20 0.0 0.0 -102.0 10.0 -84.0 -50.0 0.0 15.0 35.0 -40.0 -19.0 0.0 0.0 15.0 -25.0 -40.0 40.0 -15.0 -102.0 -10.0 84.0 50.0
120 0.0 0.0 -102.0 10.0 -84.0 -50.0 0.0 15.0 100.0 -40.0 -45.0 0.0 0.0 15.0 -25.0 -40.0 40.0 -15.0 -102.0 -10.0 84.0 50.0
1000 0.0 0.0 -102.0 10.0 -84.0 -50.0 0.0 15.0 100.0 -40.0 -45.0 0.0 0.0 15.0 -25.0 -40.0 40.0 -15.0 -102.0 -10.0 84.0 50.0
